中材科技股份有限公司 2016 年年度报告全文 
51 
第六节 股份变动及股东情况 
一、股份变动情况 
1、股份变动情况 
单位：股 
 
本次变动前 本次变动增减（＋，－） 本次变动后 
数量 比例 发行新股 送股 
公积金转
股 
其他 小计 数量 比例 
一、有限售条件股份 0 0.00% 
406,790,1
85 
0 0 
217,298,2
86 
624,088,4
71 
624,088,4
71 
77.35% 
1、国家持股 0 0.00% 0 0 0 0 0 0 0.00% 
2、国有法人持股 0 0.00% 
268,699,1
20 
0 0 
217,298,2
86 
485,997,4
06 
485,997,4
06 
60.24% 
3、其他内资持股 0 0.00% 
138,091,0
65 
0 0 0 
138,091,0
65 
138,091,0
65 
17.12% 
其中：境内法人持股 0 0.00% 
138,091,0
65 
0 0 0 
138,091,0
65 
138,091,0
65 
17.12% 
   境内自然人持股 0 0.00% 0 0 0 0 0 0 0.00% 
4、外资持股 0 0.00% 0 0 0 0 0 0 0.00% 
其中：境外法人持股 0 0.00% 0 0 0 0 0 0 0.00% 
   境外自然人持股 0 0.00% 0 0 0 0 0 0 0.00% 
二、无限售条件股份 
400,000,0
00 
100.00% 0 0 0 
-217,298,
286 
-217,298,
286 
182,701,7
14 
22.65% 
1、人民币普通股 
400,000,0
00 
100.00% 0 0 0 
-217,298,
286 
-217,298,
286 
182,701,7
14 
22.65% 
2、境内上市的外资股 0 0.00% 0 0 0 0 0 0 0.00% 
3、境外上市的外资股 0 0.00% 0 0 0 0 0 0 0.00% 
4、其他 0 0.00% 0 0 0 0 0 0 0.00% 
三、股份总数 
400,000,0
00 
100.00% 
406,790,1
85 
0 0 0 
406,790,1
85 
806,790,1
85 
100.00% 
股份变动的原因 
√ 适用 □ 不适用  
公司向中材股份发行268,699,120股股票购买其持有的泰山玻纤100%的股权，同时向盈科汇通、宝瑞投资、国杰投资、
君盛蓝湾、金风投资、上海易创、启航1号合计非公开发行138,091,065股票募集配套资金总额197,884.50万元。 
