北京北信源软件股份有限公司 2012 年度报告 
  应付职工薪酬 0.00 0.00 
  应交税费 28,333,515.78 12,223,550.55 
  应付利息 0.00 0.00 
  应付股利 0.00 0.00 
  其他应付款 2,269,201.10 567,208.64 
  应付分保账款 0.00 0.00 
  保险合同准备金 0.00 0.00 
  代理买卖证券款 0.00 0.00 
  代理承销证券款 0.00 0.00 
  一年内到期的非流动负债 0.00 0.00 
  其他流动负债 0.00 0.00 
流动负债合计 43,127,943.49 27,083,438.22 
非流动负债：   
  长期借款 0.00 0.00 
  应付债券 0.00 0.00 
  长期应付款 0.00 0.00 
  专项应付款 0.00 500,000.00 
  预计负债 0.00 0.00 
  递延所得税负债 0.00 0.00 
  其他非流动负债 0.00 0.00 
非流动负债合计 0.00 500,000.00 
负债合计 43,127,943.49 27,583,438.22 
所有者权益（或股东权益）：   
  实收资本（或股本） 66,700,000.00 50,000,000.00 
  资本公积 379,701,212.81 16,215,779.10 
  减：库存股 0.00 0.00 
  专项储备 0.00 0.00 
  盈余公积 16,159,219.86 10,044,556.10 
  一般风险准备 0.00 0.00 
  未分配利润 129,635,116.53 75,642,251.30 
  外币报表折算差额 0.00 0.00 
归属于母公司所有者权益合计 592,195,549.20 151,902,586.50 
  少数股东权益 0.00 0.00 
所有者权益（或股东权益）合计 592,195,549.20 151,902,586.50 
72 
北京北信源软件股份有限公司 2012 年度报告 
负债和所有者权益（或股东权益）总
计 
635,323,492.69 179,486,024.72 
法定代表人：林皓                      主管会计工作负责人：严惠甜                     会计机构负责人：李丹 
2、母公司资产负债表 
编制单位：北京北信源软件股份有限公司 
单位：元 
项目 期末余额 期初余额 
流动资产：   
  货币资金 424,599,795.64 67,886,503.26 
  交易性金融资产 0.00 0.00 
  应收票据 200,000.00 496,745.06 
  应收账款 155,245,734.03 64,194,468.43 
  预付款项 14,092,423.12 2,304,830.12 
  应收利息 0.00 0.00 
  应收股利 0.00 0.00 
  其他应收款 2,305,606.23 1,989,088.81 
  存货 4,023,485.97 2,707,075.28 
  一年内到期的非流动资产 0.00 0.00 
  其他流动资产 1,626,496.72 4,914,511.03 
流动资产合计 602,093,541.71 144,493,221.99 
非流动资产：   
  可供出售金融资产 0.00 0.00 
  持有至到期投资 0.00 0.00 
  长期应收款 0.00 0.00 
  长期股权投资 10,000,000.00 10,000,000.00 
  投资性房地产 0.00 0.00 
  固定资产 12,717,626.87 12,973,638.75 
  在建工程 0.00 0.00 
  工程物资 0.00 0.00 
  固定资产清理 0.00 0.00 
  生产性生物资产 0.00 0.00 
  油气资产 0.00 0.00 
  无形资产 1,309,835.65 1,733,435.24 
73 
北京北信源软件股份有限公司 2012 年度报告 
  开发支出 0.00 0.00 
  商誉 0.00 0.00 
  长期待摊费用 1,618,710.22 211,667.00 
  递延所得税资产 1,746,038.16 823,148.70 
  其他非流动资产 0.00 0.00 
非流动资产合计 27,392,210.90 25,741,889.69 
资产总计 629,485,752.61 170,235,111.68 
流动负债：   
  短期借款 0.00 0.00 
  交易性金融负债 0.00 0.00 
  应付票据 0.00 0.00 
  应付账款 6,073,785.54 800,686.02 
  预收款项 3,639,052.25 5,096,934.98 
  应付职工薪酬 0.00 0.00 
  应交税费 24,650,730.76 11,644,631.93 
  应付利息 0.00 0.00 
  应付股利 0.00 0.00 
  其他应付款 2,128,772.67 531,518.69 
  一年内到期的非流动负债 0.00 0.00 
  其他流动负债 0.00 0.00 
流动负债合计 36,492,341.22 18,073,771.62 
非流动负债：   
  长期借款 0.00 0.00 
  应付债券 0.00 0.00 
  长期应付款 0.00 0.00 
  专项应付款 0.00 500,000.00 
  预计负债 0.00 0.00 
  递延所得税负债 0.00 0.00 
  其他非流动负债 0.00 0.00 
非流动负债合计 0.00 500,000.00 
负债合计 36,492,341.22 18,573,771.62 
所有者权益（或股东权益）：   
  实收资本（或股本） 66,700,000.00 50,000,000.00 
  资本公积 379,701,212.81 16,215,779.10 
74 
