                                                    福安药业（集团）股份有限公司 2017 年年度报告全文 
59 
第六节 股份变动及股东情况 
一、股份变动情况 
1、股份变动情况 
单位：股 
 
本次变动前 本次变动增减（＋，－） 本次变动后 
数量 比例 
发行
新股 
送股 公积金转股 其他 小计 数量 比例 
一、有限售条件股份 237,786,604 59.96% 0 0 460,537,906 -94,045,936 366,491,970 604,278,574 50.79% 
1、国家持股 0 0.00% 0 0 0 0 0 0 0.00% 
2、国有法人持股 0 0.00% 0 0 0 0 0 0 0.00% 
3、其他内资持股 211,417,653 53.31% 0 0 407,800,004 -14,939,083 392,860,921 604,278,574 50.79% 
其中：境内法人持股 69,838,358 17.61% 0 0 139,676,716 -7,252,631 132,424,085 202,262,443 17.00% 
   境内自然人持
股 
141,579,295 35.70% 0 0 268,123,288 -7,686,452 260,436,836 402,016,131 33.79% 
4、外资持股 26,368,951 6.65% 0 0 52,737,902 -79,106,853 -26,368,951 0 0.00% 
其中：境外法人持股 26,368,951 6.65% 0 0 52,737,902 -79,106,853 -26,368,951 0 0.00% 
   境外自然人持
股 
0 0.00% 0 0 0 0 0 0 0.00% 
二、无限售条件股份 158,784,190 40.04% 0 0 332,603,682 94,045,936 426,649,618 585,433,808 49.21% 
1、人民币普通股 158,784,190 40.04% 0 0 332,603,682 94,045,936 426,649,618 585,433,808 49.21% 
2、境内上市的外资股 0 0.00% 0 0 0 0 0 0 0.00% 
3、境外上市的外资股 0 0.00% 0 0 0 0 0 0 0.00% 
4、其他 0 0.00% 0 0 0 0 0 0 0.00% 
三、股份总数 396,570,794 100.00% 0 0 793,141,588 0 793,141,588 1,189,712,382 100.00% 
股份变动的原因 
√ 适用 □ 不适用  
报告期公司实施了 2016 年度利润分配方案：其中以公司截止 2016 年 12 月 31 日总股本 396,570,794
股为基数，以资本公积金每 10 股转增 20 股，共计转增 793,141,588 股。上述利润分配方案于 2017 年 5
月 10 日实施完毕，公司总股本增加至 1,189,712,382 股。 
2017 年 5 月 19 日，中拓时代投资有限公司、宁波合瑞医药投资中心（有限合伙）、北京龙磐创业投
资中心(有限合伙）、黄道飞等四名股东所持公司限售股份共计 9,079,562 股解除限售并在深圳证券交易
