海洋王照明科技股份有限公司 2017 年年度报告全文 
47 
第六节 股份变动及股东情况 
一、股份变动情况 
1、股份变动情况 
单位：股 
 
本次变动前 本次变动增减（＋，－） 本次变动后 
数量 比例 发行新股 送股 
公积金转
股 
其他 小计 数量 比例 
一、有限售条件股份 
332,964,1
00 
83.24%   
166,489,5
87 
-173,929,
340 
-7,439,75
3 
325,524,3
47 
54.25% 
1、国家持股 0 0.00%   0 0 0 0 0.00% 
2、国有法人持股 0 0.00%   0 0 0 0 0.00% 
3、其他内资持股 
332,964,1
00 
83.24%   
166,489,5
87 
-173,929,
340 
-7,439,75
3 
325,524,3
47 
54.25% 
其中：境内法人持股 
17,718,75
0 
4.43%   8,859,375 
-26,578,1
25 
-17,718,7
50 
0 0.00% 
   境内自然人持股 
315,245,3
50 
78.81%   
157,630,2
12 
-147,351,
215 
10,278,99
7 
325,524,3
47 
54.25% 
4、外资持股 0 0.00%   0 0 0 0 0.00% 
其中：境外法人持股 0 0.00%   0 0 0 0 0.00% 
   境外自然人持股 0 0.00%   0 0 0 0 0.00% 
二、无限售条件股份 
67,035,90
0 
16.76%   
33,510,41
3 
173,929,3
40 
207,439,7
53 
274,475,6
53 
45.75% 
1、人民币普通股 
67,035,90
0 
16.76%   
33,510,41
3 
173,929,3
40 
207,439,7
53 
274,475,6
53 
45.75% 
2、境内上市的外资股 0 0.00%   0 0 0 0 0.00% 
3、境外上市的外资股 0 0.00%   0 0 0 0 0.00% 
4、其他 0 0.00%   0 0 0 0 0.00% 
三、股份总数 
400,000,0
00 
100.00%   
200,000,0
00 
0 
200,000,0
00 
600,000,0
00 
100.00% 
股份变动的原因 
√ 适用 □ 不适用  
1、2017年1月13日，卢志丹女士被聘任为公司监事，按照相关规定，其所持公司的部分股份被锁定为限售股。 
2、2017年2月9日，公司原董事陈少凤女士离职满6个月。按照相关规定，其所持股份部分解锁为无限售流通股。 
