海南珠江控股股份有限公司 2013 年度报告全文 
46 
  在建工程 10,188,964.09 34,908,625.06 
  工程物资 606,206.60 606,206.60 
  固定资产清理   
  生产性生物资产   
  油气资产   
  无形资产 31,185,913.86 31,636,550.86 
  开发支出   
  商誉   
  长期待摊费用 20,907,381.86 25,380,625.96 
  递延所得税资产   
  其他非流动资产   
非流动资产合计 664,757,666.73 776,537,340.12 
资产总计 1,237,713,804.04 1,424,764,273.52 
流动负债：   
  短期借款  210,000,000.00 
  向中央银行借款   
  吸收存款及同业存放   
  拆入资金   
  交易性金融负债   
  应付票据   
  应付账款 34,758,922.28 20,503,123.52 
  预收款项 23,843,858.07 19,033,810.90 
  卖出回购金融资产款   
  应付手续费及佣金   
  应付职工薪酬 10,764,089.33 9,181,755.84 
  应交税费 8,600,877.07 2,205,732.91 
  应付利息 101,140,724.11 112,552,231.11 
  应付股利 3,213,302.88 3,213,302.88 
  其他应付款 555,911,820.21 379,871,030.04 
  应付分保账款   
  保险合同准备金   
  代理买卖证券款   
  代理承销证券款   
  一年内到期的非流动负债 228,000,000.00 28,000,000.00 
海南珠江控股股份有限公司 2013 年度报告全文 
47 
  其他流动负债   
流动负债合计 966,233,593.95 784,560,987.20 
非流动负债：   
  长期借款 129,000,000.00 341,000,000.00 
  应付债券   
  长期应付款   
  专项应付款   
  预计负债   
  递延所得税负债 14,512,240.76 47,601,189.35 
  其他非流动负债   
非流动负债合计 143,512,240.76 388,601,189.35 
负债合计 1,109,745,834.71 1,173,162,176.55 
所有者权益（或股东权益）：   
  实收资本（或股本） 426,745,404.00 426,745,404.00 
  资本公积 387,545,252.61 521,946,157.17 
  减：库存股   
  专项储备   
  盈余公积 109,487,064.39 109,487,064.39 
  一般风险准备   
  未分配利润 -807,063,505.41 -820,552,991.12 
  外币报表折算差额   
归属于母公司所有者权益合计 116,714,215.59 237,625,634.44 
  少数股东权益 11,253,753.74 13,976,462.53 
所有者权益（或股东权益）合计 127,967,969.33 251,602,096.97 
负债和所有者权益（或股东权益）总
计 
1,237,713,804.04 1,424,764,273.52 
法定代表人：郑清                     主管会计工作负责人：杨道良                     会计机构负责人：杨道良 
2、母公司资产负债表 
编制单位：海南珠江控股股份有限公司 
单位：元 
项目 期末余额 期初余额 
流动资产：   
  货币资金 1,650,620.37 2,641,297.45 
海南珠江控股股份有限公司 2013 年度报告全文 
48 
  交易性金融资产   
  应收票据   
  应收账款 2,437,957.05 2,341,351.09 
  预付款项 50,000,000.00 50,196,666.00 
  应收利息   
  应收股利 260,015.00 260,015.00 
  其他应收款 599,990,581.53 557,322,758.74 
  存货 4,824,035.45 4,824,035.45 
  一年内到期的非流动资产   
  其他流动资产   
流动资产合计 659,163,209.40 617,586,123.73 
非流动资产：   
  可供出售金融资产 76,957,500.00 273,616,360.90 
  持有至到期投资   
  长期应收款   
  长期股权投资 298,915,199.18 300,108,192.64 
  投资性房地产 7,290,977.33 7,593,413.93 
  固定资产 16,056,715.04 17,446,366.12 
  在建工程   
  工程物资   
  固定资产清理   
  生产性生物资产   
  油气资产   
  无形资产 1,505,376.96 1,553,040.60 
  开发支出   
  商誉   
  长期待摊费用 9,127,521.96 16,324,363.64 
  递延所得税资产   
  其他非流动资产   
非流动资产合计 409,853,290.47 616,641,737.83 
资产总计 1,069,016,499.87 1,234,227,861.56 
流动负债：   
  短期借款  210,000,000.00 
  交易性金融负债   
海南珠江控股股份有限公司 2013 年度报告全文 
49 
  应付票据   
  应付账款 2,482,949.70 2,482,949.70 
  预收款项 61,875.00 59,400.00 
  应付职工薪酬 781,412.78 546,010.23 
  应交税费 6,966,593.30 -1,615,110.81 
  应付利息 61,988,940.20 81,573,212.53 
  应付股利 3,213,302.88 3,213,302.88 
  其他应付款 403,455,124.29 295,396,790.14 
  一年内到期的非流动负债 197,000,000.00  
  其他流动负债   
流动负债合计 675,950,198.15 591,656,554.67 
非流动负债：   
  长期借款  178,000,000.00 
  应付债券   
  长期应付款   
  专项应付款   
  预计负债   
  递延所得税负债 13,775,625.00 46,802,798.58 
  其他非流动负债   
非流动负债合计 13,775,625.00 224,802,798.58 
负债合计 689,725,823.15 816,459,353.25 
所有者权益（或股东权益）：   
  实收资本（或股本） 426,745,404.00 426,745,404.00 
  资本公积 390,561,592.15 524,962,496.71 
  减：库存股   
  专项储备   
  盈余公积 109,487,064.39 109,487,064.39 
  一般风险准备   
  未分配利润 -547,503,383.82 -643,426,456.79 
  外币报表折算差额   
所有者权益（或股东权益）合计 379,290,676.72 417,768,508.31 
负债和所有者权益（或股东权益）总
计 
1,069,016,499.87 1,234,227,861.56 
法定代表人：郑清                     主管会计工作负责人：杨道良                     会计机构负责人：杨道良 
海南珠江控股股份有限公司 2013 年度报告全文 
50 
3、合并利润表 
编制单位：海南珠江控股股份有限公司 
单位：元 
项目 本期金额 上期金额 
一、营业总收入 225,308,239.00 204,015,077.79 
  其中：营业收入 225,308,239.00 204,015,077.79 
     利息收入   
     已赚保费   
     手续费及佣金收入   
二、营业总成本 400,347,446.05 353,778,344.81 
  其中：营业成本 166,021,542.25 148,466,568.80 
     利息支出   
     手续费及佣金支出   
     退保金   
     赔付支出净额   
     提取保险合同准备金净额   
     保单红利支出   
     分保费用   
     营业税金及附加 14,057,037.34 14,526,326.37 
     销售费用 7,256,804.24 9,740,199.97 
     管理费用 109,201,497.32 112,934,701.50 
     财务费用 93,614,914.70 68,999,213.49 
     资产减值损失 10,195,650.20 -888,665.32 
  加：公允价值变动收益（损失以
“－”号填列） 
  
     投资收益（损失以“－”
号填列） 
177,445,214.64 23,778,536.27 
     其中：对联营企业和合营
企业的投资收益 
-1,171,788.37 -1,102,850.87 
     汇兑收益（损失以“-”号
填列） 
  
三、营业利润（亏损以“－”号填列） 2,406,007.59 -125,984,730.75 
  加：营业外收入 10,662,348.85 1,238,318.38 
  减：营业外支出 1,438,350.15 462,764.77 
     其中：非流动资产处置损 18,009.02 32,329.59 
