海南珠江控股股份有限公司 2013年度报告全文
46
失
四、利润总额（亏损总额以“－”号
填列）
11,630,006.29 -125,209,177.14
减：所得税费用 2,963,229.37 1,762,601.45
五、净利润（净亏损以“－”号填列） 8,666,776.92 -126,971,778.59
其中：被合并方在合并前实现的
净利润
归属于母公司所有者的净利润 13,489,485.71 -126,873,614.96
少数股东损益 -4,822,708.79 -98,163.63
六、每股收益： -- --
（一）基本每股收益 0.03 -0.3
（二）稀释每股收益 0.03 -0.3
七、其他综合收益 -134,400,904.56 -8,505,498.80
八、综合收益总额 -125,734,127.64 -135,477,277.39
归属于母公司所有者的综合收益
总额
-120,911,418.85 -135,379,113.76
归属于少数股东的综合收益总额 -4,822,708.79 -98,163.63
法定代表人：郑清 主管会计工作负责人：杨道良 会计机构负责人：杨道良
4、母公司利润表
编制单位：海南珠江控股股份有限公司
单位：元
项目 本期金额 上期金额
一、营业收入 1,335,418.83 1,306,676.40
减：营业成本 355,593.60 355,593.60
营业税金及附加 74,783.46 73,061.88
销售费用 2,968.00
管理费用 21,150,728.97 22,139,410.32
财务费用 71,860,389.01 49,219,727.27
资产减值损失 -377,379.19 4,779,329.19
加：公允价值变动收益（损失以
“－”号填列）
投资收益（损失以“－”号
填列）
177,249,555.80 116,225,960.88
其中：对联营企业和合营企 -1,192,993.46 -1,055,426.26
海南珠江控股股份有限公司 2013年度报告全文
47
业的投资收益
二、营业利润（亏损以“－”号填列） 85,520,858.78 40,962,547.02
加：营业外收入 10,411,437.80 0.37
减：营业外支出 9,223.61 8,612.88
其中：非流动资产处置损失 5,069.70
三、利润总额（亏损总额以“－”号
填列）
95,923,072.97 40,953,934.51
减：所得税费用
四、净利润（净亏损以“－”号填列） 95,923,072.97 40,953,934.51
五、每股收益： -- --
（一）基本每股收益
（二）稀释每股收益
六、其他综合收益 -134,400,904.56 -8,505,498.80
七、综合收益总额 -38,477,831.59 32,448,435.71
法定代表人：郑清 主管会计工作负责人：杨道良 会计机构负责人：杨道良
5、合并现金流量表
编制单位：海南珠江控股股份有限公司
单位：元
项目 本期金额 上期金额
一、经营活动产生的现金流量：
销售商品、提供劳务收到的现金 216,684,103.91 184,516,407.26
客户存款和同业存放款项净增加
额
向中央银行借款净增加额
向其他金融机构拆入资金净增加
额
收到原保险合同保费取得的现金
收到再保险业务现金净额
保户储金及投资款净增加额
处置交易性金融资产净增加额
收取利息、手续费及佣金的现金
拆入资金净增加额
回购业务资金净增加额
海南珠江控股股份有限公司 2013年度报告全文
48
收到的税费返还
收到其他与经营活动有关的现金 64,985,965.71 127,333,218.71
经营活动现金流入小计 281,670,069.62 311,849,625.97
购买商品、接受劳务支付的现金 81,772,936.47 60,548,683.17
客户贷款及垫款净增加额
存放中央银行和同业款项净增加
额
支付原保险合同赔付款项的现金
支付利息、手续费及佣金的现金
支付保单红利的现金
支付给职工以及为职工支付的现
金
121,229,824.66 103,547,500.28
支付的各项税费 24,887,599.64 22,263,356.60
支付其他与经营活动有关的现金 99,516,411.94 185,834,286.86
经营活动现金流出小计 327,406,772.71 372,193,826.91
经营活动产生的现金流量净额 -45,736,703.09 -60,344,200.94
二、投资活动产生的现金流量：
收回投资收到的现金 257,860,540.56 70,332,823.05
取得投资收益所收到的现金 2,382,247.88 846,807.61
处置固定资产、无形资产和其他
长期资产收回的现金净额
630,157.00 583,798.00
处置子公司及其他营业单位收到
的现金净额
收到其他与投资活动有关的现金 647,661.11 8,718,575.65
投资活动现金流入小计 261,520,606.55 80,482,004.31
购建固定资产、无形资产和其他
长期资产支付的现金
40,931,550.93 104,065,692.61
投资支付的现金 33,000,000.00 77,000,000.00
质押贷款净增加额
取得子公司及其他营业单位支付
的现金净额
支付其他与投资活动有关的现金
投资活动现金流出小计 73,931,550.93 181,065,692.61
投资活动产生的现金流量净额 187,589,055.62 -100,583,688.30
三、筹资活动产生的现金流量：
吸收投资收到的现金 2,100,000.00
海南珠江控股股份有限公司 2013年度报告全文
49
其中：子公司吸收少数股东投资
收到的现金
2,100,000.00
取得借款收到的现金 456,000,000.00 608,300,000.00
发行债券收到的现金
收到其他与筹资活动有关的现金 15,100,000.00
筹资活动现金流入小计 458,100,000.00 623,400,000.00
偿还债务支付的现金 490,500,000.00 353,300,000.00
分配股利、利润或偿付利息支付
的现金
98,278,608.77 54,232,989.16
其中：子公司支付给少数股东的
股利、利润
支付其他与筹资活动有关的现金 14,574,372.40 41,684,094.00
筹资活动现金流出小计 603,352,981.17 449,217,083.16
筹资活动产生的现金流量净额 -145,252,981.17 174,182,916.84
四、汇率变动对现金及现金等价物的
影响
五、现金及现金等价物净增加额 -3,400,628.64 13,255,027.60
加：期初现金及现金等价物余额 65,762,871.33 52,507,843.73
六、期末现金及现金等价物余额 62,362,242.69 65,762,871.33
法定代表人：郑清 主管会计工作负责人：杨道良 会计机构负责人：杨道良
6、母公司现金流量表
编制单位：海南珠江控股股份有限公司
单位：元
项目 本期金额 上期金额
一、经营活动产生的现金流量：
销售商品、提供劳务收到的现金 2,410,071.58 1,176,199.50
收到的税费返还
收到其他与经营活动有关的现金 71,274,469.92 6,654,727.70
经营活动现金流入小计 73,684,541.50 7,830,927.20
购买商品、接受劳务支付的现金
支付给职工以及为职工支付的现
金
5,818,377.14 5,112,386.75
支付的各项税费 1,849,946.66 581,863.22
支付其他与经营活动有关的现金 25,179,516.14 18,251,883.42
海南珠江控股股份有限公司 2013年度报告全文
50
经营活动现金流出小计 32,847,839.94 23,946,133.39
经营活动产生的现金流量净额 40,836,701.56 -16,115,206.19
二、投资活动产生的现金流量：
收回投资收到的现金 254,860,540.56 102,632,823.05
取得投资收益所收到的现金 2,300,704.29 846,807.61
处置固定资产、无形资产和其他
长期资产收回的现金净额
处置子公司及其他营业单位收到
的现金净额
收到其他与投资活动有关的现金 647,661.11 8,718,575.65
投资活动现金流入小计 257,808,905.96 112,198,206.31
购建固定资产、无形资产和其他
长期资产支付的现金
277,002.00 193,089.00
投资支付的现金 126,205,500.00 232,700,000.00
取得子公司及其他营业单位支付
的现金净额
支付其他与投资活动有关的现金
投资活动现金流出小计 126,482,502.00 232,893,089.00
投资活动产生的现金流量净额 131,326,403.96 -120,694,882.69
三、筹资活动产生的现金流量：
吸收投资收到的现金
取得借款收到的现金 344,500,000.00 498,300,000.00
发行债券收到的现金
收到其他与筹资活动有关的现金
筹资活动现金流入小计 344,500,000.00 498,300,000.00
偿还债务支付的现金 424,000,000.00 296,300,000.00
分配股利、利润或偿付利息支付
的现金
83,379,410.20 34,580,475.26
支付其他与筹资活动有关的现金 10,274,372.40 28,484,094.00
筹资活动现金流出小计 517,653,782.60 359,364,569.26
筹资活动产生的现金流量净额 -173,153,782.60 138,935,430.74
四、汇率变动对现金及现金等价物的
影响
五、现金及现金等价物净增加额 -990,677.08 2,125,341.86
加：期初现金及现金等价物余额 2,641,297.45 515,955.59
六、期末现金及现金等价物余额 1,650,620.37 2,641,297.45
